64 117.172
59 117.5
54 117.172
50 116.172
46.8226 115
43.8279 113
41 110.441
39 107.177
39.5592 104
42 101.828
45.8279 100
49 98.8279
53 97.508
56 95.8226
59 93.8279
62 91.5592
64.5592 89
66.8279 86
69 83.5568
70.8226 80
72.508 77
73.502 73
74.5 69
74.508 64
73.508 60
71.8173 57
74 54.8279
78 53.5568
82 52.8279
86 53.5
90 52.502
93.4432 54
97.1721 55
101 56.508
104.172 58
105.498 62
104.498 66
103.498 70
102.172 74
100.492 77
99 80.1774
97.492 84
96 87.1774
94 90.4432
92.492 94
90.492 97
88.4408 100
86 102.441
84 105.172
81.4408 108
78.4432 110
76 112.172
72.1774 114
69 115.492
65 116.492